spawns: 
  default: 
    world: world
    x: 0.3791927046365504
    y: 68.0
    z: -2.8267161935517437
    yaw: 179.58423
    pitch: -0.4495073
